10
5 1 3 3
0 0 10 0 0
0 -1 -1 -1 0
5 0 20 0 5
0 0 0 0 0
0 0 5 0 0
2 2
0 2
4 2
6 1 5 4
10 0 0 0 0 10
0 -1 0 0 -1 0
0 0 30 30 0 0
0 0 30 30 0 0
0 -1 0 0 -1 0
10 0 0 0 0 10
2 2
3 3
0 0
5 5
7 2 4 5
0 0 15 0 15 0 0
0 -1 0 0 0 -1 0
15 0 40 -1 40 0 15
0 0 -1 0 -1 0 0
15 0 40 -1 40 0 15
0 -1 0 0 0 -1 0
0 0 15 0 15 0 0
2 2
4 4
2 4
4 2
0 3
8 2 5 6
5 5 5 5 5 5 5 5
5 -1 -1 0 0 -1 -1 5
5 -1 50 20 20 50 -1 5
5 0 20 0 0 20 0 5
5 0 20 0 0 20 0 5
5 -1 50 20 20 50 -1 5
5 -1 -1 0 0 -1 -1 5
5 5 5 5 5 5 5 5
3 3
3 4
4 3
4 4
2 2
5 5
10 3 6 7
0 0 -1 20 20 20 20 -1 0 0
0 -1 0 0 0 0 0 0 -1 0
-1 0 30 -1 0 0 -1 30 0 -1
20 0 -1 50 0 0 50 -1 0 20
20 0 0 0 60 60 0 0 0 20
20 0 0 0 60 60 0 0 0 20
20 0 -1 50 0 0 50 -1 0 20
-1 0 30 -1 0 0 -1 30 0 -1
0 -1 0 0 0 0 0 0 -1 0
0 0 -1 20 20 20 20 -1 0 0
4 4
5 5
3 3
6 6
3 6
6 3
1 4
11 3 7 7
10 10 10 10 10 10 10 10 10 10 10
10 -1 0 0 0 -1 0 0 0 -1 10
10 0 50 0 0 0 0 0 50 0 10
10 0 0 -1 0 0 0 -1 0 0 10
10 0 0 0 80 0 80 0 0 0 10
10 -1 0 0 0 -1 0 0 0 -1 10
10 0 0 0 80 0 80 0 0 0 10
10 0 0 -1 0 0 0 -1 0 0 10
10 0 50 0 0 0 0 0 50 0 10
10 -1 0 0 0 -1 0 0 0 -1 10
10 10 10 10 10 10 10 10 10 10 10
2 2
8 8
2 8
8 2
5 2
5 8
2 5
12 4 8 8
0 -1 20 0 -1 40 -1 0 20 -1 0 0
-1 0 0 30 0 0 0 30 0 0 -1 0
20 0 -1 0 50 0 50 0 -1 0 20 0
0 30 0 -1 0 60 0 -1 0 30 0 0
-1 0 50 0 -1 0 -1 0 50 0 -1 0
40 0 0 60 0 -1 0 60 0 0 40 0
-1 0 50 0 -1 0 -1 0 50 0 -1 0
0 30 0 -1 0 60 0 -1 0 30 0 0
20 0 -1 0 50 0 50 0 -1 0 20 0
-1 0 0 30 0 0 0 30 0 0 -1 0
0 -1 20 0 -1 40 -1 0 20 -1 0 0
0 0 0 0 0 0 0 0 0 0 0 0
5 5
5 6
6 5
6 6
2 4
2 7
9 4
9 7
13 4 8 9
10 0 0 0 -1 20 0 20 -1 0 0 0 10
0 10 0 0 -1 20 0 20 -1 0 0 10 0
0 0 10 0 -1 20 0 20 -1 0 10 0 0
0 0 0 10 -1 20 0 20 -1 10 0 0 0
-1 -1 -1 -1 -1 0 0 0 -1 -1 -1 -1 -1
20 20 20 20 0 99 99 99 0 20 20 20 20
0 0 0 0 0 99 -1 99 0 0 0 0 0
20 20 20 20 0 99 99 99 0 20 20 20 20
-1 -1 -1 -1 -1 0 0 0 -1 -1 -1 -1 -1
0 0 0 10 -1 20 0 20 -1 10 0 0 0
0 0 10 0 -1 20 0 20 -1 0 10 0 0
0 10 0 0 -1 20 0 20 -1 0 0 10 0
10 0 0 0 -1 20 0 20 -1 0 0 0 10
6 5
6 7
5 6
7 6
1 1
1 11
11 1
11 11
6 2
14 4 9 10
5 5 5 5 5 5 5 5 5 5 5 5 5 5
5 -1 -1 -1 -1 -1 -1 -1 -1 -1 -1 -1 -1 5
5 -1 20 20 20 20 20 20 20 20 20 20 -1 5
5 -1 20 -1 -1 -1 0 0 -1 -1 -1 20 -1 5
5 -1 20 -1 50 50 0 0 50 50 -1 20 -1 5
5 -1 20 -1 50 -1 0 0 -1 50 -1 20 -1 5
5 -1 20 0 0 0 99 99 0 0 0 20 -1 5
5 -1 20 0 0 0 99 99 0 0 0 20 -1 5
5 -1 20 -1 50 -1 0 0 -1 50 -1 20 -1 5
5 -1 20 -1 50 50 0 0 50 50 -1 20 -1 5
5 -1 20 -1 -1 -1 0 0 -1 -1 -1 20 -1 5
5 -1 20 20 20 20 20 20 20 20 20 20 -1 5
5 -1 -1 -1 -1 -1 -1 -1 -1 -1 -1 -1 -1 5
5 5 5 5 5 5 5 5 5 5 5 5 5 5
6 6
6 7
7 6
7 7
4 4
4 9
9 4
9 9
2 2
2 11
15 4 10 10
99 99 99 99 99 0 -1 0 -1 0 99 99 99 99 99
99 -1 -1 -1 99 0 -1 0 -1 0 99 -1 -1 -1 99
99 -1 50 -1 99 0 -1 0 -1 0 99 -1 50 -1 99
99 -1 -1 -1 99 0 -1 0 -1 0 99 -1 -1 -1 99
99 99 99 99 99 0 -1 0 -1 0 99 99 99 99 99
0 0 0 0 0 0 0 0 0 0 0 0 0 0 0
-1 -1 -1 -1 -1 0 99 99 99 0 -1 -1 -1 -1 -1
0 0 0 0 0 0 99 -1 99 0 0 0 0 0 0
-1 -1 -1 -1 -1 0 99 99 99 0 -1 -1 -1 -1 -1
0 0 0 0 0 0 0 0 0 0 0 0 0 0 0
99 99 99 99 99 0 -1 0 -1 0 99 99 99 99 99
99 -1 -1 -1 99 0 -1 0 -1 0 99 -1 -1 -1 99
99 -1 50 -1 99 0 -1 0 -1 0 99 -1 50 -1 99
99 -1 -1 -1 99 0 -1 0 -1 0 99 -1 -1 -1 99
99 99 99 99 99 0 -1 0 -1 0 99 99 99 99 99
2 2
2 12
12 2
12 12
7 7
0 5
0 9
14 5
14 9
7 1